	15.0	16.0	17.0	18.0	19.0	20.0	21.0	22.0	23.0	24.0	25.0	26.0	27.0	28.0	29.0	30.0	31.0	32.0	33.0	34.0	35.0	36.0	37.0	38.0
NA24631_1	2.0	0.0	2.0	4.0	12.0	20.0	45.0	69.0	90.0	107.0	151.0	172.0	263.0	283.0	375.0	453.0	583.0	726.0	970.0	1242.0	1821.0	3589.0	16703.0	48.0
	2.0	3.0	4.0	5.0	6.0	7.0	8.0	9.0	10.0	11.0	12.0	13.0	14.0	15.0	16.0	17.0	18.0	19.0	20.0	21.0	22.0	23.0	24.0	25.0	26.0	27.0	28.0	29.0	30.0	31.0	32.0	33.0	34.0	35.0	36.0	37.0	38.0
NA24631_2	11.0	1.0	2.0	1.0	3.0	0.0	1.0	0.0	0.0	0.0	0.0	2.0	3.0	6.0	9.0	21.0	36.0	77.0	126.0	219.0	251.0	257.0	301.0	322.0	376.0	397.0	471.0	539.0	579.0	719.0	835.0	984.0	1294.0	1867.0	3344.0	14622.0	54.0
	14.0	15.0	16.0	17.0	18.0	19.0	20.0	21.0	22.0	23.0	24.0	25.0	26.0	27.0	28.0	29.0	30.0	31.0	32.0	33.0	34.0	35.0	36.0	37.0	38.0
NA24694_1	1.0	2.0	2.0	2.0	5.0	3.0	16.0	35.0	64.0	78.0	98.0	142.0	198.0	270.0	323.0	351.0	463.0	568.0	742.0	871.0	1261.0	1817.0	3545.0	16874.0	27.0
	2.0	3.0	4.0	5.0	6.0	7.0	8.0	9.0	10.0	11.0	12.0	13.0	14.0	15.0	16.0	17.0	18.0	19.0	20.0	21.0	22.0	23.0	24.0	25.0	26.0	27.0	28.0	29.0	30.0	31.0	32.0	33.0	34.0	35.0	36.0	37.0	38.0
NA24694_2	19.0	0.0	2.0	0.0	2.0	0.0	3.0	1.0	1.0	0.0	1.0	1.0	3.0	5.0	7.0	9.0	28.0	64.0	98.0	187.0	227.0	258.0	277.0	328.0	373.0	405.0	450.0	518.0	590.0	735.0	790.0	1019.0	1363.0	1875.0	3421.0	14660.0	38.0
	15.0	16.0	17.0	18.0	19.0	20.0	21.0	22.0	23.0	24.0	25.0	26.0	27.0	28.0	29.0	30.0	31.0	32.0	33.0	34.0	35.0	36.0	37.0	38.0
NA24695_1	2.0	2.0	1.0	1.0	12.0	10.0	34.0	51.0	77.0	77.0	129.0	147.0	195.0	269.0	325.0	382.0	497.0	617.0	797.0	1097.0	1625.0	3132.0	14247.0	20.0
	2.0	3.0	4.0	5.0	6.0	7.0	8.0	9.0	10.0	11.0	12.0	13.0	14.0	15.0	16.0	17.0	18.0	19.0	20.0	21.0	22.0	23.0	24.0	25.0	26.0	27.0	28.0	29.0	30.0	31.0	32.0	33.0	34.0	35.0	36.0	37.0	38.0
NA24695_2	22.0	3.0	4.0	0.0	2.0	0.0	0.0	0.0	2.0	1.0	0.0	0.0	3.0	2.0	6.0	10.0	18.0	41.0	95.0	151.0	205.0	215.0	227.0	274.0	323.0	305.0	361.0	440.0	503.0	570.0	692.0	839.0	1071.0	1541.0	2756.0	13035.0	29.0

