	22	27	32	37	42	47	52	57	62	67	72	77	82	87	92	97	102	107	112	117	122	125
NA24631_1	9.0	8.0	63.0	219.0	328.0	320.0	281.0	267.0	276.0	321.0	362.0	371.0	368.0	395.0	411.0	454.0	467.0	449.0	507.0	553.0	0.0	21301.0
	22	27	32	37	42	47	52	57	62	67	72	77	82	87	92	97	102	107	112	117	122	125
NA24631_2	9.0	5.0	78.0	235.0	312.0	375.0	252.0	247.0	264.0	312.0	269.0	304.0	357.0	350.0	348.0	397.0	358.0	432.0	451.0	455.0	0.0	21920.0
	26	28	30	32	34	36	38	40	42	44	46	48	50	52	54	56	58	60	62	64	66	68	70	72	74	76	78	80	82	84	86	88	90	92	94	96	98	100	102	104	106	108	110	112	114	116	118	120	122	124
NA24694_1	4.0	1.0	24.0	16.0	25.0	61.0	97.0	90.0	94.0	105.0	121.0	124.0	110.0	96.0	116.0	95.0	131.0	106.0	133.0	123.0	116.0	137.0	119.0	130.0	142.0	148.0	138.0	149.0	163.0	162.0	162.0	174.0	175.0	162.0	141.0	184.0	209.0	196.0	177.0	180.0	189.0	199.0	208.0	223.0	228.0	196.0	208.0	0.0	0.0	21471.0
	22	27	32	37	42	47	52	57	62	67	72	77	82	87	92	97	102	107	112	117	122	125
NA24694_2	4.0	7.0	57.0	190.0	262.0	306.0	260.0	235.0	271.0	298.0	316.0	332.0	338.0	369.0	376.0	365.0	437.0	440.0	430.0	460.0	0.0	22005.0
	22	27	32	37	42	47	52	57	62	67	72	77	82	87	92	97	102	107	112	117	122	125
NA24695_1	2.0	4.0	26.0	139.0	201.0	234.0	232.0	255.0	250.0	279.0	272.0	274.0	289.0	307.0	330.0	351.0	374.0	449.0	384.0	456.0	0.0	18638.0
	22	27	32	37	42	47	52	57	62	67	72	77	82	87	92	97	102	107	112	117	122	125
NA24695_2	3.0	3.0	43.0	150.0	233.0	267.0	237.0	178.0	229.0	263.0	240.0	274.0	295.0	302.0	319.0	327.0	325.0	338.0	359.0	358.0	0.0	19003.0

